12
5451447
胡锡宇
200462410
SDUFE
0
1.98
0
1699689484
77
VIP
0
8265555
HU
200462410
SDUFE
0
1.98
0
1699690675
99
Normal
5
1699691063
500
0
77
1699696490
100
0
77
1699855391
500
0
77
1700317956
500
0
77
1700317977
100
1
66
2720173
李华
123456
东南大学
0
1.98
0
1724938006
001
Normal
2
1725204263
1000
0
小明
1725204277
100
1
小明
8580522
哈哈
12
大喊大叫
0
1.98
0
1725109191
123
Normal
0
2649181
好难
123
难难
0
1.98
0
1725111818
007
太难了
10
1725113923
1000
0
小明
1725113944
100
1
电脑
1725266798
10
1
小明
1725415597
100
0
小明
1725416405
99
1
下面
1725416552
1
1
雄安吗
1725416632
100
1
小明
1725417028
100
1
小明
1725419118
1000
0
小明
1725426422
100
1
法国
5442911
开始
12
东南大学
1
2.25
0
1725200685
003
加油
0
4200463
结束
666
床
2
3.5
0
1725204186
009
睡觉
0
4371594
李天
666
东南大学九龙湖校区
2
3.5
1
0
006
天李
2
1725267504
6666
0
天李
1725267522
888
1
天李
0459238
方法
1
地方
0
1.98
0
1725445129
1
发
2
1725445148
1000
0
官方
1725445161
10
1
反对
6128265
小宝
12
东南大学
1
2.25
1
0
001
小明
2
1725543503
1000
0
小明
1725543548
100
1
小明
7006247
难道你
1
的
0
1.98
0
1726193168
1
发
0
6643489
函数
1
大苏打
2
3.5
1
0
001
呃呃
2
1726227896
1000
0
导出
1726228125
100
1
大物
